Namespace(batch_size=4, dump_dir='dump', gpu=0, model='pointnet_cls', model_path='log/model.ckpt', num_point=1024, visu=True)
Model restored.
----0----
----1----
eval mean loss: 0.525452
eval accuracy: 0.887763
eval avg class acc: 0.856599
  airplane:	1.000
   bathtub:	0.860
       bed:	0.970
     bench:	0.650
 bookshelf:	0.950
    bottle:	0.940
      bowl:	1.000
       car:	0.980
     chair:	0.970
      cone:	0.900
       cup:	0.650
   curtain:	0.900
      desk:	0.837
      door:	0.850
   dresser:	0.733
flower_pot:	0.250
 glass_box:	0.970
    guitar:	0.990
  keyboard:	1.000
      lamp:	0.950
    laptop:	1.000
    mantel:	0.960
   monitor:	0.980
night_stand:	0.744
    person:	0.850
     piano:	0.890
     plant:	0.730
     radio:	0.750
range_hood:	0.950
      sink:	0.700
      sofa:	0.970
    stairs:	0.900
     stool:	0.750
     table:	0.800
      tent:	0.950
    toilet:	0.970
  tv_stand:	0.800
      vase:	0.770
  wardrobe:	0.700
      xbox:	0.750
